1 0.740196 0.227726 0.132611 0.307534
1 0.885707 0.368593 0.157379 0.250774
1 0.869453 0.103887 0.153767 0.198142
1 0.112487 0.141555 0.153767 0.246646
1 0.560888 0.814413 0.183695 0.300310
1 0.580237 0.445992 0.186275 0.318885
1 0.497936 0.183351 0.154799 0.237358
1 0.691176 0.670967 0.140867 0.261094
1 0.837203 0.800998 0.162539 0.331269
1 0.643189 0.336085 0.154283 0.313725
1 0.597781 0.131751 0.151187 0.231166
1 0.922085 0.620915 0.120743 0.388029
1 0.080753 0.423289 0.136739 0.306502
1 0.093653 0.757138 0.151187 0.268318
1 0.296440 0.571895 0.429825 0.752322
1 0.380805 0.127107 0.132095 0.213622
1 0.767802 0.503784 0.111455 0.170279
