1 0.057823 0.348797 0.068138 0.100281
1 0.069701 0.472040 0.055635 0.056232
1 0.086579 0.540456 0.069388 0.076851
1 0.214415 0.381131 0.037507 0.054358
1 0.149403 0.378788 0.050009 0.044049
1 0.295055 0.425180 0.025005 0.037488
1 0.391636 0.415339 0.020629 0.017807
1 0.130962 0.275226 0.028130 0.028116
1 0.851722 0.616370 0.043133 0.065604
1 0.771395 0.324430 0.040007 0.025305
1 0.800150 0.415339 0.028755 0.062793
1 0.121898 0.665573 0.036257 0.053421
1 0.081890 0.616838 0.057511 0.045923
0 0.103769 0.737270 0.063762 0.134958
0 0.277552 0.188535 0.036257 0.147142
0 0.010314 0.051234 0.019379 0.048735
0 0.336000 0.064823 0.055635 0.090909
0 0.754829 0.083568 0.073139 0.087160
0 0.388198 0.192752 0.063762 0.089972
0 0.378196 0.085911 0.023754 0.052484
