1 0.391870 0.370822 0.277648 0.221181
1 0.400656 0.631365 0.210872 0.256795
1 0.229850 0.764449 0.258669 0.262418
1 0.587629 0.297251 0.170103 0.186504
1 0.707474 0.350203 0.191893 0.153702
1 0.733130 0.151047 0.185567 0.165886
1 0.886364 0.131365 0.147610 0.235239
1 0.116682 0.424711 0.224930 0.302718
1 0.208411 0.317401 0.170806 0.298032
1 0.363754 0.200250 0.215792 0.251172
1 0.452671 0.104655 0.177132 0.136832
1 0.574625 0.367541 0.294517 0.392690
1 0.705366 0.868479 0.170806 0.191190
1 0.681818 0.654327 0.265698 0.201500
0 0.538425 0.816932 0.209466 0.221181
0 0.445993 0.935020 0.132849 0.136832
0 0.246368 0.956576 0.180647 0.069353
0 0.894096 0.514683 0.140581 0.165886
0 0.822399 0.687129 0.113871 0.152765
0 0.825562 0.319275 0.092081 0.112465
0 0.790066 0.514214 0.210872 0.163074
