1 0.446946 0.228366 0.122019 0.193065
1 0.320129 0.110747 0.111051 0.135895
1 0.564167 0.196032 0.102825 0.195876
1 0.623462 0.411590 0.113108 0.160262
1 0.457229 0.462199 0.175488 0.197751
0 0.464426 0.636520 0.143270 0.126523
0 0.487733 0.771478 0.132302 0.173383
0 0.630317 0.774289 0.106253 0.150890
0 0.582332 0.846454 0.100769 0.141518
0 0.331782 0.244767 0.078147 0.111528
0 0.146012 0.186660 0.095970 0.156514
0 0.242324 0.204936 0.098027 0.144330
0 0.072663 0.099500 0.123390 0.158388
0 0.209420 0.094814 0.091172 0.135895
1 0.620720 0.580756 0.126818 0.161200
