1 0.417682 0.466885 0.085598 0.105904
1 0.416120 0.584036 0.086223 0.113402
1 0.968760 0.156670 0.061856 0.134021
1 0.303655 0.461262 0.104967 0.105904
1 0.284911 0.566698 0.097470 0.091846
1 0.323336 0.640269 0.076851 0.134021
1 0.880350 0.929866 0.084973 0.120900
1 0.966573 0.935958 0.058732 0.116214
1 0.255233 0.026398 0.071853 0.049672
1 0.982505 0.265386 0.026867 0.062793
0 0.290222 0.098563 0.071853 0.087160
0 0.373321 0.189003 0.145580 0.136832
0 0.398313 0.652921 0.073102 0.095595
0 0.346767 0.032958 0.088722 0.060918
