1 0.493549 0.464074 0.116056 0.195876
1 0.594006 0.771478 0.121047 0.192127
1 0.884769 0.765854 0.112312 0.173383
1 0.656402 0.350203 0.144758 0.189316
1 0.462975 0.591534 0.076123 0.098407
1 0.521003 0.712902 0.069883 0.142455
1 0.529427 0.597157 0.106696 0.111528
1 0.620212 0.585442 0.132279 0.155576
1 0.512268 0.926117 0.053660 0.109653
1 0.637995 0.944392 0.136646 0.106842
1 0.793984 0.894720 0.146630 0.187441
1 0.898808 0.912996 0.091722 0.090909
1 0.821750 0.423305 0.127287 0.198688
1 0.753739 0.626679 0.149749 0.318650
1 0.573727 0.380662 0.100457 0.223993
1 0.668569 0.572790 0.131655 0.274602
1 0.741260 0.364261 0.102329 0.164948
