1 0.239109 0.672602 0.104883 0.097470
1 0.309031 0.631834 0.133601 0.130272
1 0.707651 0.660887 0.079287 0.060918
1 0.666758 0.871290 0.189789 0.159325
1 0.955812 0.715714 0.082408 0.149953
1 0.874028 0.750391 0.081160 0.148079
1 0.324015 0.863793 0.067425 0.112465
1 0.250659 0.787410 0.186667 0.115276
1 0.209142 0.404092 0.138596 0.119025
1 0.329321 0.481412 0.159198 0.140581
1 0.199778 0.578882 0.136099 0.149953
1 0.398931 0.761637 0.111126 0.134958
1 0.832824 0.530147 0.132353 0.089972
1 0.963304 0.855358 0.054939 0.063730
1 0.939268 0.539519 0.048072 0.056232
0 0.820026 0.410653 0.078038 0.085286
0 0.892757 0.444392 0.073668 0.044049
0 0.160447 0.035770 0.104883 0.045923
1 0.801921 0.810840 0.044326 0.057170
1 0.792244 0.663699 0.039956 0.102156
0 0.781006 0.043736 0.038707 0.028116
0 0.766023 0.130897 0.038707 0.000000
