1 0.436297 0.250391 0.114214 0.190253
1 0.547574 0.219463 0.140973 0.165886
1 0.315557 0.122930 0.122046 0.165886
1 0.440213 0.483755 0.145541 0.158388
1 0.611860 0.426117 0.133793 0.204311
1 0.615124 0.625742 0.142931 0.179944
0 0.485899 0.793971 0.115519 0.190253
0 0.462403 0.656201 0.141625 0.145267
0 0.558343 0.860512 0.085497 0.124649
0 0.630135 0.804749 0.139015 0.134958
0 0.242460 0.211028 0.102466 0.167760
0 0.148804 0.205405 0.105729 0.186504
0 0.326652 0.259763 0.081581 0.128397
0 0.208196 0.084036 0.099203 0.123711
0 0.082560 0.101843 0.127267 0.159325
