0 0.757966 0.345986 0.410028 0.240862
0 0.240159 0.397532 0.285848 0.218369
0 0.520150 0.829585 0.227273 0.203374
0 0.712863 0.820212 0.148782 0.132146
0 0.644330 0.696970 0.145267 0.116214
0 0.783154 0.738207 0.172212 0.131209
0 0.784911 0.572321 0.276476 0.232427
0 0.322751 0.864261 0.132381 0.075914
0 0.168697 0.792565 0.332709 0.245548
0 0.432287 0.482818 0.201500 0.126523
0 0.294049 0.695095 0.131209 0.095595
0 0.357310 0.778507 0.110122 0.114339
0 0.134724 0.637457 0.154639 0.147142
0 0.347938 0.146829 0.222587 0.101218
0 0.223758 0.211028 0.238988 0.122774
0 0.487933 0.220400 0.134724 0.102156
0 0.589855 0.251796 0.160497 0.106842
0 0.493205 0.353952 0.276476 0.209934
0 0.096064 0.448610 0.178069 0.104967
0 0.198571 0.534364 0.183927 0.119025
0 0.514292 0.629959 0.393627 0.233365
0 0.606256 0.463605 0.160497 0.131209
